 , , , , , , , , , , , , ,0,115,114,113,112,111, , , , , , , , , , , , ,
 , , , , , , , , , ,4,3,2,1, , , , ,110,109,108,107, , , , , , , , , ,
 , , , , , , , ,7,6,5, , , , , , , , , , ,106,105,104, , , , , , , ,
 , , , , , ,10,9,8, , , , , , , , , , , , , , ,103,102,101, , , , , ,
 , , , , ,12,11, , , , , , , , , , , , , , , , , , ,100,99, , , , ,
 , , , ,14,13, , , , , , , , , , , , , , , , , , , , ,98,97, , , ,
 , , ,16,15, , , , , , , , , , , , , , , , , , , , , , ,96,95, , ,
 , , ,17, , , , , , , , , , , , , , , , , , , , , , , , ,94, , ,
 , ,19,18, , , , , , , , , , , , , , , , , , , , , , , , ,93,92, ,
 , ,20, , , , , , , , , , , , , , , , , , , , , , , , , , ,91, ,
 ,22,21, , , , , , , , , , , , , , , , , , , , , , , , , , ,90,89,
 ,23, , , , , , , , , , , , , , , , , , , , , , , , , , , , ,88,
 ,24, , , , , , , , , , , , , , , , , , , , , , , , , , , , ,87,
 ,25, , , , , , , , , , , , , , , , , , , , , , , , , , , , ,86,
 ,26, , , , , , , , , , , , , , , , , , , , , , , , , , , , ,85,
 ,27, , , , , , , , , , , , , , , , , , , , , , , , , , , , ,84,
 ,28, , , , , , , , , , , , , , , , , , , , , , , , , , , , ,83,
 ,29, , , , , , , , , , , , , , , , , , , , , , , , , , , , ,82,
 ,30, , , , , , , , , , , , , , , , , , , , , , , , , , , , ,81,
 ,31, , , , , , , , , , , , , , , , , , , , , , , , , , , ,79,80,
 ,32,33, , , , , , , , , , , , , , , , , , , , , , , , , , ,78, ,
 , ,34, , , , , , , , , , , , , , , , , , , , , , , , , ,76,77, ,
 , ,35,36, , , , , , , , , , , , , , , , , , , , , , , , ,75, , ,
 , , ,37,38, , , , , , , , , , , , , , , , , , , , , , ,73,74, , ,
 , , , ,39, , , , , , , , , , , , , , , , , , , , , ,71,72, , , ,
 , , , ,40,41,42, , , , , , , , , , , , , , , , , , ,69,70, , , , ,
 , , , , , ,43,44, , , , , , , , , , , , , , , ,66,67,68, , , , , ,
 , , , , , , ,45,46,47, , , , , , , , , , , ,63,64,65, , , , , , , ,
 , , , , , , , , ,48,49,50,51, , , , , ,59,60,61,62, , , , , , , , , ,
 , , , , , , , , , , , ,52,53,54,55,56,57,58, , , , , , , , , , , , ,