 , , , , , , , , , , , , , , , , , , , , , , , , , , , , , ,
 , , , , , , , , , , , , , , , , , , , , , , , , , , , , , ,
 , , , , , , , , , , , , , , , , , , , , , , , , , , , , , ,
 , , , , , , , , , , , , , , , , , , , , , , , , , , , , , ,
 , , , , , , , , , , , , , ,24,23,22,21, , , , , , , , , , , , ,
 , , , , , , , , , , , , , ,25, , ,20, , , , , , , , , , , , ,
 , , , , , , , , , , , , ,27,26, , ,19, , , , , , , , , , , , ,
 , , , , , , , , , , , , ,28, , , ,18,17, , , , , , , , , , , ,
 , , , , , , , , , , , , ,29, , , , ,16, , , , , , , , , , , ,
 , , , , , , , , , , , ,31,30, , , , ,15, , , , , , , , , , , ,
 , , , , , , , , , , , ,32, , , , , ,14,13, , , , , , , , , , ,
 , , , , , , , , , , , ,33, , , , , , ,12, , , , , , , , , , ,
 , ,44,43,42,41,40,39,38,37,36,35,34, , , , , , ,11,10,9,8,7,6,5,4,3,2,1,
 , ,45, , , , , , , , , , , , , , , , , , , , , , , , , , ,0,
 , ,46,47,48, , , , , , , , , , , , , , , , , , , , , , ,111,112, ,
 , , , ,49,50, , , , , , , , , , , , , , , , , , , ,108,109,110, , ,
 , , , , ,51,52, , , , , , , , , , , , , , , , , ,106,107, , , , ,
 , , , , , ,53,54,55, , , , , , , , , , , , , , ,104,105, , , , , ,
 , , , , , , , ,56,57, , , , , , , , , , , , ,102,103, , , , , , ,
 , , , , , , , , ,58, , , , , , , , , , , , ,101, , , , , , , ,
 , , , , , , , , ,59, , , , , , , , , , , , ,100, , , , , , , ,
 , , , , , , , , ,60, , , , , , , , , , , , ,99, , , , , , , ,
 , , , , , , , ,62,61, , , , , , , , , , , , ,98, , , , , , , ,
 , , , , , , , ,63, , , , , , , , , , , , , ,97,96, , , , , , ,
 , , , , , , , ,64, , , , , ,80,81,82,83, , , , , ,95, , , , , , ,
 , , , , , , , ,65, , , , ,78,79, , ,84,85, , , , ,94, , , , , , ,
 , , , , , , ,67,66, , ,75,76,77, , , , ,86,87, , , ,93, , , , , , ,
 , , , , , , ,68, , ,73,74, , , , , , , ,88,89,90,91,92, , , , , , ,
 , , , , , , ,69,70,71,72, , , , , , , , , , , , , , , , , , , ,