560,559,558,557,556,555,554,553,552,551,550,549,548,547,546,545,544,543,542,541,540,539,538,537,536,535,534,533,532,531,530,529
561,498,499,500,501,502,503,504,505,506,507,508,509,510,511,512,513,514,515,516,517,518,519,520,521,522,523,524,525,526,527,528
562,497,496,495,494,493,492,491,490,489,488,487,486,485,484,483,482,481,480,479,478,477,476,475,474,473,472,471,470,469,468,467
563,218,217,216,215,214,213,212,211,210,209,208,207,206,205,204,203,202,201,200,199,198,197,196,195,194,193,192,191,190,189,466
564,219,220,221,222,223,224,225,226,227,228,229,230,231, , , , , ,67,68,69,120,121,122,167,168,169,186,187,188,465
565,244,243,242,241,240,239,238,237,236,235,234,233,232, , , , , ,66,65,70,119,118,123,156,155,170,185,184,463,464
566,245,246,247,248,249,250,251,252,253,254,255,256, , , , , , , ,64,71,72,117,124,125,154,171,172,183,462,461
567,268,267,266,265,264,263,262,261,260,259,258,257, , , , , , , ,63,62,73,116,115,126,153,152,173,182,181,460
568,269,270,271,272,273,274,275,276,277,278,279, , , , , , , , , ,61,74,75,114,127,128,151,174,175,180,459
569,290,289,288,287,286,285,284,283,282,281,280, , , , , , , , , ,60,59,76,113,112,129,150,149,176,179,458
570,291,292,293,294,295,296,297,298,299,300, , , , , , , , , , , ,58,77,78,111,130,131,148,177,178,457
571,310,309,308,307,306,305,304,303,302,301, , , , , , , , , , , ,57,56,79,110,109,132,147,146,455,456
572,311,312,313,314,315,316,317,318,319, , , , , , , , , , , , , ,55,80,81,108,133,134,145,454,453
573,328,327,326,325,324,323,322,321,320, , , , , , , , , , , , , ,54,53,82,107,106,135,144,143,452
574,329,330,331,332,333,334,335,336, , , , , , , , , , , , , , , ,52,83,84,105,136,137,142,451
575,344,343,342,341,340,339,338,337, , , , , , , , , , , , , , , ,51,50,85,104,103,138,141,450
576,345,346,347,348,349,350,351, , , , , , , , , , , , , , , , , ,49,86,87,102,139,140,449
577,358,357,356,355,354,353,352, , , , , , , , , , , , , , , , , ,48,47,88,101,100,447,448
578,359,360,361,362,363,364, , , , , , , , , , , , , , , , , , , ,46,89,90,99,446,445
579,370,369,368,367,366,365, , , , , , , , , , , , , , , , , , , ,45,44,91,98,97,444
580,371,372,373,374,375, , , , , , , , , , , , , , , , , , , , , ,43,92,93,96,443
581,380,379,378,377,376, , , , , , , , , , , , , , , , , , , , , ,42,41,94,95,442
582,381,382,383,384, , , , , , , , , , , , , , , , , , , , , , , ,40,39,38,441
583,388,387,386,385, , , , , , , , , , , , , , , , , , , , , , , , ,36,37,440
584,389,390,391, , , , , , , , , , , , , , , , , , , , , , , , , ,35,34,439
585,394,393,392, , , , , , , , , , , , , , , , , , , , , , , , , , ,33,438
586,395,396, , , , , , , , , , , , , , , , , , , , , , , , , , , ,32,437
587,398,397, , , , , , , , , , , , , , , , , , , , , , , , , , , ,31,436
588,399, , , , , , , , , , , , , , , , , , , , , , , , , , , , ,30,435
589,400, , , , , , , , , , , , , , , , , , , , , , , , , , , , ,29,434
590,401,0,1,2,3,4,5,6,7,8,9,10,11,12,13,14,15,16,17,18,19,20,21,22,23,24,25,26,27,28,433
591,402,403,404,405,406,407,408,409,410,411,412,413,414,415,416,417,418,419,420,421,422,423,424,425,426,427,428,429,430,431,432
