 , , , , , , , , , , , , , , , , , , , , , , , , , , , , , , , , , , , , , , , , , , , , , , , , , , , , , , , , , , , , , , , , , , , , , , , , , , , , , , , , , , , , , , , , , , , , , , , , , , , ,
 , , , , , , , , , , , , , , , , , , , , , , , , , , , , , , , , , , , , , , , , ,549,548,547,546,545,544, , , , , , , , , , , , , , , , , , , , , , , , , , , , , , , , , , , ,466,465,464,463,462,461,460, , , , , , , , , , , ,
 ,0, , , , , ,628,627, , , , , , , , , , , , , , , , , , , , , , , , , , , , , , , ,551,550, , , , ,543, , , , , , , , , , , , , , , , , , , , , , , , , , , , , , , , , ,469,468,467, , , , , ,459,458, , , , , , , , , , ,
 ,1,2, , , , , ,626,625, , , , , , , , , , , , , , , , , , , , , , , , , , , , , , ,552, , , , , ,542,541, , , , , , , , , , , , , , , , , , , , , , , , , , , , , ,473,472,471,470, , , , , , , , ,457,456, , , , , , , , , ,
 , ,3,4, , , , , ,624,623, , , , , , , , , , , , , , , , , , , , , , , , , , , , ,554,553, , , , , , ,540, , , , , , , , , , , , , , , , , , , , , , , , , , , ,476,475,474, , , , , , , , , , , , ,455, , , , , , , , , ,
 , , ,5,6, , , , , ,622,621, , , , , , , , , , , , , , , , , , , , , , , , , , , ,555, , , , , , , ,539, , , , , , , , , , , , , , , , , , , , , , , , , ,479,478,477, , , , , , , , , , , , , , ,454, , , , , , , , , ,
 , , , ,7,8, , , , , ,620, , , , , , , , , , , , , , , , , , , , , , , , , , , ,556, , , , , , , ,538, , , , , , , , , , , , , , , , , , , , , , , ,482,481,480, , , , , , , , , , , , , , , ,452,453, , , , , , , , , ,
 , , , , ,9,10, , , , ,619,618, , , , , , , , , , , , , , , , , , , , , , , , , ,558,557, , , , , , , ,537, , , , , , , , , , , , , , , , , , , , , ,485,484,483, , , , , , , , , , , , , , , , ,450,451, , , , , , , , , , ,
 , , , , , ,11, , , , , ,617,616, , , , , , , , , , , , , , , , , , , , , , , , ,559, , , , , , , , ,536, , , , , , , , , , , , , , , , , , , , ,487,486, , , , , , , , , , , , , , , , , ,448,449, , , , , , , , , , , ,
 , , , , , ,12,13, , , , , ,615,614, , , , , , , , , , , , , , , , , , , , , , , ,560, , , , , , , , ,535, , , , , , , , , , , , , , , , , , ,490,489,488, , , , , , , , , , , , , , , , , , ,447, , , , , , , , , , , , ,
 , , , , , , ,14,15, , , , , ,613,612, , , , , , , , , , , , , , , , , , , , , , ,561, , , , , , , , ,534, , , , , , , , , , , , , , , , , ,492,491, , , , , , , , , , , , , , , , , , , ,445,446, , , , , , , , , , , , ,
 , , , , , , , ,16, , , , , , ,611, , , , , , , , , , , , , , , , , , , , , ,563,562, , , , , , , , ,533, , , , , , , , , , , , , , , ,495,494,493, , , , , , , , , , , , , , , , , , , , ,444, , , , , , , , , , , , , ,
 , , , , , , , ,17,18, , , , , ,610,609, , , , , , , , , , , , , , , , , , , , ,564, , , , , , , , , ,532, , , , , , , , , , , , , , ,497,496, , , , , , , , , , , , , , , , , , , , , ,442,443, , , , , , , , , , , , , ,
 , , , , , , , , ,19,20, , , , , ,608,607, , , , , , , , , , , , , , , , , , , ,565, , , , , , , , , ,531, , , , , , , , , , , , , ,499,498, , , , , , , , , , , , , , , , , , , , , ,440,441, , , , , , , , , , , , , , ,
 , , , , , , , , , ,21, , , , , , ,606, , , , , , , , , , , , , , , , , , , ,566, , , , , , , , , ,530, , , , , , , , , , , , ,501,500, , , , , , , , , , , , , , , , , , , , , ,438,439, , , , , , , , , , , , , , , ,
 , , , , , , , , , ,22,23, , , , , ,605,604, , , , , , , , , , , , , , , , , , ,567, , , , , , , , , ,529, , , , , , , , , , , ,503,502, , , , , , , , , , , , , , , , , , , , ,435,436,437, , , , , , , , , , , , , , , , ,
 , , , , , , , , , , ,24,25, , , , , ,603,602, , , , , , , , , , , , , , , , , ,568, , , , , , , , ,527,528, , , , , , , , , , ,505,504, , , , , , , , , , , , , , , , , , , , ,433,434, , , , , , , , , , , , , , , , , , ,
 , , , , , , , , , , , ,26, , , , , , ,601,600, , , , , , , , , , , , , , , , ,569, , , , , , , , ,526, , , , , , , , , , , ,506, , , , , , , , , , , , , , , , , , , ,430,431,432, , , , , , , , , , , , , , , , , , , ,
 , , , , , , , , , , , ,27,28, , , , , , ,599, , , , , , , , , , , , , , , , ,570, , , , , , , , ,525, , , , , , , , , , ,508,507, , , , , , , , , , , , , , , , , ,427,428,429, , , , , , , , , , , , , , , , , , , , , ,
 , , , , , , , , , , , , ,29,30, , , , , ,598,597, , , , , , , , , , , , , , , ,571, , , , , , , , ,524, , , , , , , , , , ,509, , , , , , , , , , , , , , , , , ,425,426, , , , , , , , , , , , , , , , , , , , , , , ,
 , , , , , , , , , , , , , ,31,32, , , , , ,596,595, , , , , , , , , , , , , , ,572, , , , , , , , ,523,522, , , , , , , ,512,511,510, , , , , , , , , , , , , , , ,422,423,424, , , , , , , , , , , , , , , , , , , , , , , , ,
 , , , , , , , , , , , , , , ,33, , , , , , ,594,593, , , , , , , , , , , , , ,573, , , , , , , , , ,521,520,519,518,517,516,515,514,513, , , , , , , , , , , , , , , ,419,420,421, , , , , , , , , , , , , , , , , , , , , , , , , , ,
 , , , , , , , , , , , , , , ,34,35, , , , , , ,592,591, , , , , , , , , , , ,575,574, , , , , , , , , , , , , , , , , , , , , , , , , , , , , , , ,416,417,418, , , , , , , , , , , , , , , , , , , , , , , , , , , , ,
 , , , , , , , , , , , , , , , ,36, , , , , , , ,590,589,588,587, , , , , , , ,577,576, , , , , , , , , , , , , , , , , , , , , , , , , , , , , ,412,413,414,415, , , , , , , , , , , , , , , , , , , , , , , , , , , , , , ,
 , , , , , , , , , , , , , , , ,37,38, , , , , , , , , ,586,585,584,583,582,581,580,579,578, , , , , , , , , , , , , , , , , , , , , , , , , , , ,408,409,410,411, , , , , , , , , , , , , , , , , , , , , , , , , , , , , , , , , ,
 , , , , , , , , , , , , , , , , ,39, , , , , , , , , , , , , , , , , , , , , , , , , , , , , , , , , , , , , , , , , , ,404,405,406,407, , , , , , , , , , , , , , , , , , , , , , , , , , , , , , , , , , , , ,
 , , , , , , , , , , , , , , , , ,40,41, , , , , , , , , , , , , , , , , , , , , , , , , , , , , , , , , , , , , , , , ,402,403, , , , , , , , , , , , , , , , , , , , , , , , , , , , , , , , , , , , , , , ,
 , , , , , , , , , , , , , , , , , ,42, , , , , , , , , , , , , , , , , , , , , , , , , , , , , , , , , , , , , , , , ,401, , , , , , , , , , , , , , , , , , , , , , , , , , , , , , , , , , , , , , , , ,
 , , , , , , , , , , , , , , , , , ,43,44, , , , , , , , , , , , , , , , , , , , , , , , , , , , , , , , , , , , , , , ,400,399, , , , , , , , , , , , , , , , , , , , , , , , , , , , , , , , , , , , , , , ,
 , , , , , , , , , , , , , , , , , , ,45,46, , , , , , , , , , , , , , , , , , , , , , , , , , , , , , , , , , , , , , , ,398, , , , , , , , , , , , , , , , , , , , , , , , , , , , , , , , , , , , , , , ,
 , , , , , , , , , , , , , , , , , , , ,47, , , , , , , , , , , , , , , , , , , , , , , , , , , , , , , , , , , , , , , ,397,396, , , , , , , , , , , , , , , , , , , , , , , , , , , , , , , , , , , , , , ,
 , , , , , , , , , , , , , , , , , , , ,48, , , , , , , , , , , , , , , , , , , , , , , , , , , , , , , , , , , , , , , , ,395,394,393, , , , , , , , , , , , , , , , , , , , , , , , , , , , , , , , , , , , ,
 , , , , , , , , , , , , , , , , , , , ,49, , , , , , , , , , , , , , , , , , , , , , , , , , , , , , , , , , , , , , , , , , ,392,391,390, , , , , , , , , , , , , , , , , , , , , , , , , , , , , , , , , , ,
 , , , , , , , , , , , , , , , , , , ,51,50, , , , , , , , , ,166,167,168,169, , , , , , , , , , , , , , ,252,253,254,255, , , , , , , , , , , , , ,389,388,387, , , , , , , , , , , , , , , , , , , , , , , , , , , , , , , , ,
 , , , , , , , , , , , , , , , , , , ,52, , , , , , , ,162,163,164,165, , ,170,171,172, , , , , , , , , , , , ,251, , ,256,257, , , , , , , , , , , , , , ,386,385, , , , , , , , , , , , , , , , , , , , , , , , , , , , , , , ,
 , , , , , , , , , , , , , , , , , ,54,53, , , , , ,159,160,161, , , , , , , ,173, , , , , , , , , , , , ,250, , , ,258, , , , , , , , , , , , , , , ,384,383, , , , , , , , , , , , , , , , , , , , , , , , , , , , , , ,
 , , , , , , , , , , , , , , , , , ,55, , , , , ,157,158, , , , , , , , , ,174,175, , , , , , , , , , , ,249, , , ,259,260, , , , , , , , , , , , , , , ,382,381, , , , , , , , , , , , , , , , , , , , , , , , , , , , , ,
 , , , , , , , , , , , , , , , , ,57,56, , , , ,155,156, , , , , , , , , , , ,176, , , , , , , , , , ,247,248, , , , ,261,262,263, , , , , , , , , , , , , , ,380,379, , , , , , , , , , , , , , , , , , , , , , , , , , , , ,
 , , , , , , , , , , , , , , , , ,58, , , , , ,154, , , , , , , , , , , , ,177, , , , , , , , , , ,246, , , , , , , ,264, , , , , , , , , , , , , , , ,378,377, , , , , , , , , , , , , , , , , , , , , , , , , , , ,
 , , , , , , , , , , , , , , , ,60,59, , , , ,152,153, , , , , , , , , , , , ,178, , , , , , , , , , ,245, , , , , , , ,265,266, , , , , , , , , , , , , , , ,376,375, , , , , , , , , , , , , , , , , , , , , , , , , , ,
 , , , , , , , , , , , , , , ,62,61, , , , ,150,151, , , , , , , , , , , , , ,179, , , , , , , , , , ,244, , , , , , , , ,267,268, , , , , , , , , , , , , , , ,374,373, , , , , , , , , , , , , , , , , , , , , , , , , ,
 , , , , , , , , , , , , , , ,63, , , , , ,149, , , , , , , , , , , , , , ,180, , , , , , , , , , ,243, , , , , , , , , ,269,270, , , , , , , , , , , , , , , ,372,371, , , , , , , , , , , , , , , , , , , , , , , , ,
 , , , , , , , , , , , , , ,65,64, , , , ,147,148, , , , , , , , , , , , , , ,181, , , , , , , , , , ,242, , , , , , , , , , ,271, , , , , , , , , , , , , , , , ,370,369, , , , , , , , , , , , , , , , , , , , , , , ,
 , , , , , , , , , , , , ,67,66, , , , ,145,146, , , , , , , , , , , , , , , ,182, , , , , , , , , , ,241, , , , , , , , , , ,272,273, , , , , , , , , , , , , , , , ,368,367,366, , , , , , , , , , , , , , , , , , , , , ,
 , , , , , , , , , , , , ,68, , , , ,143,144, , , , , , , , , , , , , , , ,184,183, , , , , , , , , , ,240, , , , , , , , , , , ,274,275, , , , , , , , , , , , , , , , , ,365,364, , , , , , , , , , , , , , , , , , , , ,
 , , , , , , , , , , , , ,69, , , , ,142, , , , , , , , , , , , , , , , ,185, , , , , , , , , , , ,239, , , , , , , , , , , , ,276,277, , , , , , , , , , , , , , , , , ,363,362, , , , , , , , , , , , , , , , , , , ,
 , , , , , , , , , , , ,71,70, , , ,140,141, , , , , , , , , , , , , , , , ,186, , , , , , , , , , , ,238, , , , , , , , , , , , , ,278,279, , , , , , , , , , , , , , , , , ,361,360, , , , , , , , , , , , , , , , , , ,
 , , , , , , , , , , ,73,72, , , , ,139, , , , , , , , , , , , , , , , , ,187, , , , , , , , , , , ,237, , , , , , , , , , , , , , ,280,281, , , , , , , , , , , , , , , , , ,359,358, , , , , , , , , , , , , , , , , ,
 , , , , , , , , , , ,74, , , , ,137,138, , , , , , , , , , , , , , , , , ,188, , , , , , , , , , , ,236, , , , , , , , , , , , , , , ,282, , , , , , , , , , , , , , , , , , ,357,356, , , , , , , , , , , , , , , , ,
 , , , , , , , , , ,76,75, , , , ,136, , , , , , , , , , , , , , , , , , ,189, , , , , , , , , , , ,235, , , , , , , , , , , , , , , ,283,284, , , , , , , , , , , , , , , , , , ,355,354,353, , , , , , , , , , , , , , ,
 , , , , , , , , , ,77, , , , ,134,135, , , , , , , , , , , , , , , , , , ,190, , , , , , , , , , , ,234, , , , , , , , , , , , , , , , ,285,286, , , , , , , , , , , , , , , , , , , ,352,351, , , , , , , , , , , , , ,
 , , , , , , , , ,79,78, , , , ,133, , , , , , , , , , , , , , , , , , , ,191, , , , , , , , , , , ,233, , , , , , , , , , , , , , , , , ,287,288, , , , , , , , , , , , , , , , , , , ,350,349, , , , , , , , , , , , ,
 , , , , , , , ,81,80, , , , ,131,132, , , , , , , , , , , , , , , , , , , ,192, , , , , , , , , , , ,232, , , , , , , , , , , , , , , , , , ,289,290, , , , , , , , , , , , , , , , , , , ,348,347, , , , , , , , , , , ,
 , , , , , , , ,82, , , , , ,130, , , , , , , , , , , , , , , , , , , , ,193, , , , , , , , , , , ,231, , , , , , , , , , , , , , , , , , , ,291,292, , , , , , , , , , , , , , , , , , , ,346,345, , , , , , , , , , ,
 , , , , , , ,84,83, , , , ,128,129, , , , , , , , , , , , , , , , , , , , ,194, , , , , , , , , , , ,230, , , , , , , , , , , , , , , , , , , , ,293,294, , , , , , , , , , , , , , , , , , , ,344,343, , , , , , , , , ,
 , , , , , , ,85, , , , , ,127, , , , , , , , , , , , , , , , , , , , , ,195, , , , , , , , , , ,228,229, , , , , , , , , , , , , , , , , , , , , ,295, , , , , , , , , , , , , , , , , , , , ,342,341, , , , , , , , ,
 , , , , , ,87,86, , , , ,125,126, , , , , , , , , , , , , , , , , , , , , ,196, , , , , , , , , , ,227, , , , , , , , , , , , , , , , , , , , , , ,296,297, , , , , , , , , , , , , , , , , , , , ,340, , , , , , , , ,
 , , , ,90,89,88, , , , , ,124, , , , , , , , , , , , , , , , , , , , , , ,197, , , , , , , , , , ,226, , , , , , , , , , , , , , , , , , , , , , , ,298,299, , , , , , , , , , , , , , , , , , , ,339,338, , , , , , , ,
 , , , ,91, , , , , , ,122,123, , , , , , , , , , , , , , , , , , , , , , ,198, , , , , , , , , , ,225, , , , , , , , , , , , , , , , , , , , , , , , ,300,301,302, , , , , , , , , , , , , , , , , , ,337, , , , , , , ,
 , , ,93,92, , , , , , ,121, , , , , , , , , , , , , , , , , , , , , , , ,199,200, , , , , , , , , ,224, , , , , , , , , , , , , , , , , , , , , , , , , , ,303,304, , , , , , , , , , , , , , , , , ,336, , , , , , , ,
 , , ,94, , , , , , ,119,120, , , , , , , , , , , , , , , , , , , , , , , , ,201, , , , , , , , , ,223, , , , , , , , , , , , , , , , , , , , , , , , , , , ,305,306, , , , , , , , , , , , , , , , ,335, , , , , , , ,
 , , ,95, , , , , ,117,118, , , , , , , , , , , , , , , , , , , , , , , , , ,202, , , , , , , , , ,222, , , , , , , , , , , , , , , , , , , , , , , , , , , , ,307,308, , , , , , , , , , , , , , ,333,334, , , , , , , ,
 , ,97,96, , , , , ,116, , , , , , , , , , , , , , , , , , , , , , , , , , ,203, , , , , , , , ,220,221, , , , , , , , , , , , , , , , , , , , , , , , , , , , , ,309,310, , , , , , , , , , , , , ,332, , , , , , , , ,
 ,99,98, , , , , ,114,115, , , , , , , , , , , , , , , , , , , , , , , , , , ,204, , , , , , , , ,219, , , , , , , , , , , , , , , , , , , , , , , , , , , , , , , ,311,312, , , , , , , , , , , ,330,331, , , , , , , , ,
 ,100, , , , , ,112,113, , , , , , , , , , , , , , , , , , , , , , , , , , , ,205,206, , , , , , ,217,218, , , , , , , , , , , , , , , , , , , , , , , , , , , , , , , , ,313,314, , , , , , , , , ,328,329, , , , , , , , , ,
 ,101, , , , ,110,111, , , , , , , , , , , , , , , , , , , , , , , , , , , , , ,207,208, , , , , ,216, , , , , , , , , , , , , , , , , , , , , , , , , , , , , , , , , , ,315,316,317, , , , , , ,326,327, , , , , , , , , , ,
 ,102,103, ,107,108,109, , , , , , , , , , , , , , , , , , , , , , , , , , , , , , , ,209,210,211,212,213,214,215, , , , , , , , , , , , , , , , , , , , , , , , , , , , , , , , , , , , ,318,319,320,321,322,323,324,325, , , , , , , , , , , ,
 , ,104,105,106, , , , , , , , , , , , , , , , , , , , , , , , , , , , , , , , , , , , , , , , , , , , , , , , , , , , , , , , , , , , , , , , , , , , , , , , , , , , , , , , , , , , , , , , , , , , , , , ,
 , , , , , , , , , , , , , , , , , , , , , , , , , , , , , , , , , , , , , , , , , , , , , , , , , , , , , , , , , , , , , , , , , , , , , , , , , , , , , , , , , , , , , , , , , , , , , , , , , , , ,
 , , , , , , , , , , , , , , , , , , , , , , , , , , , , , , , , , , , , , , , , , , , , , , , , , , , , , , , , , , , , , , , , , , , , , , , , , , , , , , , , , , , , , , , , , , , , , , , , , , , ,